9.561298076923077094e-01 0.000000000000000000e+00 0.000000000000000000e+00 0.000000000000000000e+00 0.000000000000000000e+00 0.000000000000000000e+00 0.000000000000000000e+00 0.000000000000000000e+00 0.000000000000000000e+00 0.000000000000000000e+00
3.754507211538461453e-01 9.396033653846154188e-01 0.000000000000000000e+00 0.000000000000000000e+00 0.000000000000000000e+00 0.000000000000000000e+00 0.000000000000000000e+00 0.000000000000000000e+00 0.000000000000000000e+00 0.000000000000000000e+00
2.433143028846153910e-01 4.930889423076922906e-01 9.415564903846154188e-01 0.000000000000000000e+00 0.000000000000000000e+00 0.000000000000000000e+00 0.000000000000000000e+00 0.000000000000000000e+00 0.000000000000000000e+00 0.000000000000000000e+00
2.540564903846153633e-01 2.669020432692307820e-01 5.992337740384615641e-01 9.549278846153845812e-01 0.000000000000000000e+00 0.000000000000000000e+00 0.000000000000000000e+00 0.000000000000000000e+00 0.000000000000000000e+00 0.000000000000000000e+00
1.600811298076923184e-01 2.152944711538461453e-01 3.865685096153846367e-01 4.214242788461538547e-01 9.386268028846154188e-01 0.000000000000000000e+00 0.000000000000000000e+00 0.000000000000000000e+00 0.000000000000000000e+00 0.000000000000000000e+00
8.969350961538460898e-02 1.385967548076923184e-01 4.423828125000000000e-01 2.986027644230769273e-01 4.204477163461538547e-01 9.036207932692307265e-01 0.000000000000000000e+00 0.000000000000000000e+00 0.000000000000000000e+00 0.000000000000000000e+00
8.067908653846153633e-02 1.237229567307692318e-01 3.816856971153846367e-01 2.296424278846153910e-01 3.963341346153846367e-01 2.721604567307692180e-01 9.139122596153845812e-01 0.000000000000000000e+00 0.000000000000000000e+00 0.000000000000000000e+00
6.648137019230769551e-02 1.213191105769230727e-01 3.424729567307692180e-01 2.370042067307692180e-01 3.838641826923077094e-01 2.477463942307692180e-01 1.608323317307692180e-01 9.288611778846154188e-01 0.000000000000000000e+00 0.000000000000000000e+00
6.062199519230769551e-02 8.593750000000000000e-02 2.403846153846153910e-01 1.933593750000000000e-01 2.418118990384615363e-01 1.283804086538461453e-01 1.789362980769230727e-01 5.465745192307692735e-01 9.585336538461538547e-01 0.000000000000000000e+00
3.823617788461538408e-02 8.864182692307692735e-02 2.439903846153846090e-01 2.006460336538461453e-01 2.327223557692307820e-01 1.210937500000000000e-01 1.337890625000000000e-01 1.823167067307692180e-01 3.064903846153846367e-01 9.571063701923077094e-01
