9.595102163461538547e-01 0.000000000000000000e+00 0.000000000000000000e+00 0.000000000000000000e+00 0.000000000000000000e+00 0.000000000000000000e+00 0.000000000000000000e+00 0.000000000000000000e+00 0.000000000000000000e+00 0.000000000000000000e+00
9.583082932692307265e-01 9.296123798076922906e-01 0.000000000000000000e+00 0.000000000000000000e+00 0.000000000000000000e+00 0.000000000000000000e+00 0.000000000000000000e+00 0.000000000000000000e+00 0.000000000000000000e+00 0.000000000000000000e+00
9.592848557692307265e-01 9.347205528846154188e-01 9.483924278846154188e-01 0.000000000000000000e+00 0.000000000000000000e+00 0.000000000000000000e+00 0.000000000000000000e+00 0.000000000000000000e+00 0.000000000000000000e+00 0.000000000000000000e+00
9.592848557692307265e-01 9.337439903846154188e-01 9.401292067307692735e-01 9.600360576923077094e-01 0.000000000000000000e+00 0.000000000000000000e+00 0.000000000000000000e+00 0.000000000000000000e+00 0.000000000000000000e+00 0.000000000000000000e+00
9.602614182692307265e-01 9.349459134615384359e-01 9.413311298076922906e-01 9.600360576923077094e-01 9.408052884615384359e-01 0.000000000000000000e+00 0.000000000000000000e+00 0.000000000000000000e+00 0.000000000000000000e+00 0.000000000000000000e+00
9.600360576923077094e-01 9.339693509615384359e-01 9.420823317307692735e-01 9.563551682692307265e-01 9.366736778846154188e-01 8.926532451923077094e-01 0.000000000000000000e+00 0.000000000000000000e+00 0.000000000000000000e+00 0.000000000000000000e+00
9.590594951923077094e-01 9.339693509615384359e-01 9.420823317307692735e-01 9.553786057692307265e-01 9.388521634615384359e-01 8.892728365384615641e-01 9.091045673076922906e-01 0.000000000000000000e+00 0.000000000000000000e+00 0.000000000000000000e+00
9.590594951923077094e-01 9.339693509615384359e-01 9.420823317307692735e-01 9.544020432692307265e-01 9.388521634615384359e-01 9.065504807692307265e-01 9.051983173076922906e-01 9.305138221153845812e-01 0.000000000000000000e+00 0.000000000000000000e+00
9.590594951923077094e-01 9.327674278846154188e-01 9.423076923076922906e-01 9.534254807692307265e-01 9.388521634615384359e-01 9.065504807692307265e-01 9.051983173076922906e-01 9.305138221153845812e-01 9.561298076923077094e-01 0.000000000000000000e+00
9.590594951923077094e-01 9.317908653846154188e-01 9.423076923076922906e-01 9.524489182692307265e-01 9.388521634615384359e-01 9.040715144230768718e-01 9.051983173076922906e-01 9.293118990384615641e-01 9.561298076923077094e-01 9.702524038461538547e-01
